497.036309 
507.875309 
479.566395 
498.470124 
481.347911 
493.841983 
488.319316 
502.073155 
532.670273 
502.320246 
504.181420 
498.648612 
499.838366 
497.335509 
511.323796 
515.376679 
521.771013 
524.819086 
510.283220 
481.688576 
508.865013 
497.771031 
502.330014 
504.132367 
514.348685 
500.643222 
531.870806 
506.433995 
506.271368 
527.029351 
492.105045 
503.401371 
500.535508 
523.123280 
499.787796 
478.542019 
487.799389 
506.407106 
504.451936 
494.961130 
508.457230 
516.336929 
480.732186 
478.006470 
517.203143 
519.065503 
515.044822 
516.762633 
481.346842 
501.604513 
498.559287 
508.264246 
506.275316 
521.509325 
474.798576 
513.021442 
512.993916 
498.894628 
497.416768 
489.561152 
482.327738 
495.097865 
503.704644 
482.844238 
495.076601 
491.399035 
526.093337 
503.356208 
496.801021 
500.469847 
530.401064 
497.485590 
503.819354 
490.451338 
464.312392 
502.652651 
492.759763 
491.972459 
501.165580 
511.529111 
492.041114 
498.987865 
516.716950 
519.111310 
500.313674 
446.062203 
518.023538 
507.844806 
521.513156 
492.624010 
496.712488 
513.520698 
503.093149 
496.623895 
503.507785 
505.513902 
455.303882 
508.448100 
502.970215 
519.106502 
498.391999 
509.375571 
495.517183 
494.969182 
499.473240 
505.141167 
507.189547 
490.844312 
540.468649 
490.721783 
489.187237 
500.362411 
483.748129 
521.208653 
537.064809 
502.021788 
500.463550 
488.405158 
494.131727 
535.143577 
503.902608 
474.228149 
520.105898 
505.517328 
488.159820 
521.088654 
491.353172 
501.442080 
503.093471 
518.831955 
498.539658 
497.734546 
509.390929 
511.325269 
508.426680 
488.820880 
509.851378 
484.031629 
499.300219 
486.470746 
524.890011 
482.246520 
501.725249 
508.401351 
503.466357 
490.826207 
499.906487 
492.556564 
505.955140 
496.716287 
499.206008 
493.584135 
497.712269 
547.239366 
513.690667 
504.408339 
501.053894 
503.427236 
510.081856 
512.600306 
479.610769 
518.192197 
526.351563 
480.813183 
503.820909 
506.069634 
522.536637 
477.600892 
469.678404 
510.459500 
500.234999 
492.959642 
492.915972 
483.848908 
520.144339 
519.465675 
487.834210 
525.129023 
501.741290 
499.494088 
510.077527 
508.381438 
485.199129 
503.703887 
503.437624 
464.304566 
497.427524 
481.150956 
497.192761 
501.829421 
476.396701 
485.605479 
489.028913 
513.506298 
510.267972 
511.513674 
512.650956 
516.131066 
476.365555 
504.944355 
499.373967 
487.970805 
486.829802 
513.674282 
507.030784 
516.219731 
506.769409 
477.061599 
483.144981 
507.632538 
506.208458 
532.247922 
512.898873 
496.168207 
473.515263 
491.599129 
505.849187 
481.382503 
494.686971 
485.970737 
506.765798 
517.423342 
506.779183 
481.196416 
490.571589 
522.881612 
495.251716 
535.257073 
492.967440 
500.846294 
496.426802 
491.810812 
507.387108 
495.091028 
511.418133 
522.793677 
524.994815 
479.690540 
498.819502 
510.708122 
495.088587 
488.287040 
511.200763 
511.798948 
518.237418 
478.254079 
488.126185 
497.633018 
512.309089 
518.163211 
494.344195 
490.513119 
534.689831 
522.785777 
472.664704 
475.045341 
464.233891 
476.372073 
460.472952 
493.797506 
487.792137 
496.270965 
495.009172 
518.781344 
494.761713 
508.673627 
519.108815 
485.837329 
510.553907 
477.648631 
490.949625 
497.241613 
489.801481 
493.040014 
473.084415 
531.651787 
504.563856 
518.253139 
519.699228 
489.341098 
491.773947 
488.207166 
484.576677 
501.771271 
503.448574 
497.354396 
532.594104 
492.644793 
498.878812 
490.983983 
515.418470 
499.936439 
510.117117 
479.586953 
502.457275 
491.900008 
484.406668 
515.989941 
505.302154 
476.130591 
514.725374 
478.391269 
532.801049 
466.097627 
467.529087 
492.274161 
494.026405 
476.392483 
479.606888 
495.422763 
499.663064 
507.062852 
499.195880 
502.458693 
498.843524 
476.872984 
480.339060 
491.263736 
501.955452 
492.703031 
495.341864 
528.639582 
501.147929 
481.510789 
485.185858 
500.250293 
495.119752 
508.359840 
518.283855 
505.496237 
472.075353 
493.349146 
513.677228 
499.970654 
508.812977 
498.218364 
532.154740 
497.122308 
474.315937 
522.515687 
489.705351 
510.668678 
496.533101 
510.256866 
491.681997 
498.055508 
496.403103 
480.977902 
514.846801 
522.138275 
505.038104 
496.169576 
486.717596 
498.333718 
508.173267 
520.274846 
486.164621 
504.895295 
484.618480 
507.371799 
504.254691 
483.683860 
485.984704 
489.865495 
503.480630 
497.700455 
487.725228 
473.542214 
487.095239 
524.479259 
476.485701 
515.989658 
480.741672 
509.623691 
489.179991 
495.839357 
508.542507 
510.651606 
492.089465 
474.321531 
516.299794 
491.259102 
496.164888 
489.605999 
485.535479 
520.899289 
505.028844 
505.720039 
489.664845 
507.202110 
529.981767 
478.054591 
507.611438 
544.231979 
521.229397 
484.087943 
474.271401 
525.234137 
501.783924 
475.468925 
515.136092 
523.665314 
493.824149 
525.832130 
515.183750 
507.860708 
507.335862 
461.792337 
492.259304 
475.837999 
504.266044 
478.491735 
509.618104 
519.815945 
499.850820 
490.993390 
512.640799 
519.932912 
511.041324 
489.400870 
494.930598 
509.321460 
485.194243 
484.748382 
485.034555 
507.026543 
505.884649 
485.162199 
506.004555 
503.457894 
496.142247 
481.938034 
506.544624 
486.849910 
491.898982 
492.202648 
503.970409 
489.274587 
502.224352 
488.458069 
512.239251 
514.556521 
481.232805 
482.678194 
522.345812 
502.534611 
455.952333 
469.710732 
544.091735 
500.704001 
492.351106 
514.040658 
508.362052 
500.611928 
480.646220 
492.932788 
467.936148 
503.118577 
512.030389 
503.248665 
492.589083 
502.744388 
533.208455 
501.547444 
477.662410 
484.270985 
485.551936 
490.012403 
516.548019 
516.832826 
490.232985 
519.804343 
486.155115 
509.699590 
493.541101 
479.288730 
517.169994 
495.989687 
525.544516 
502.492216 
466.816907 
475.023807 
502.553707 
475.735505 
489.414703 
498.284046 
485.216381 
495.520533 
480.009049 
516.293753 
517.451864 
479.601280 
487.780664 
504.205127 
493.612038 
501.762607 
497.897933 
526.194201 
501.074104 
503.199520 
517.080487 
514.066002 
491.919139 
490.740124 
485.825821 
513.564929 
507.779947 
483.563423 
493.875346 
485.317503 
497.347412 
500.961270 
505.915055 
522.688299 
502.910725 
493.027381 
479.576689 
487.513769 
478.788656 
514.011976 
490.420799 
506.934294 
492.134236 
488.316609 
500.133912 
522.721109 
503.652826 
511.048794 
485.500938 
483.141934 
533.744351 
511.745324 
494.246726 
503.658628 
507.391073 
490.523421 
509.620212 
501.712188 
500.047318 
485.780883 
505.338433 
513.489453 
520.220292 
517.371256 
527.158565 
507.827497 
480.902908 
482.417512 
501.486588 
503.740315 
519.101577 
498.830822 
510.501065 
514.933306 
493.126819 
496.044018 
484.349547 
495.952568 
504.506921 
520.924766 
504.152421 
532.186270 
498.380453 
477.037000 
507.049910 
505.818618 
490.702255 
463.190641 
489.314259 
496.939991 
490.480143 
492.056701 
480.884372 
499.459847 
480.700250 
511.115590 
498.923613 
512.945499 
495.007317 
519.207980 
517.659292 
527.819936 
486.308678 
494.172344 
492.939264 
505.759770 
486.282120 
498.336512 
476.988101 
471.032707 
483.594983 
494.615571 
526.501973 
493.047756 
516.838296 
533.146303 
479.485529 
519.271076 
512.572171 
482.386747 
522.244432 
487.869903 
474.717429 
463.469885 
477.814860 
507.354408 
515.936181 
516.181440 
535.461676 
537.160509 
501.039095 
483.397079 
497.850889 
530.711676 
477.626380 
496.201729 
540.636204 
513.428323 
496.043054 
487.003384 
506.730870 
483.687019 
506.143590 
486.123935 
503.451911 
491.937501 
504.659564 
498.188689 
486.160125 
508.291224 
484.504346 
471.678623 
481.385185 
491.575803 
491.113295 
503.925963 
505.902171 
511.614656 
496.283199 
498.305662 
536.370910 
491.178192 
510.643759 
469.414766 
521.036526 
491.292744 
489.152898 
494.136670 
510.790460 
511.679055 
511.595976 
530.572850 
515.681528 
490.563347 
485.141180 
506.161828 
473.039091 
484.841054 
518.621196 
480.725158 
517.818152 
494.518096 
511.604780 
504.171286 
508.707205 
496.351288 
480.325158 
520.205971 
495.592097 
494.562833 
481.219366 
494.026835 
493.571708 
542.775806 
495.190666 
480.973565 
493.939063 
518.357187 
538.098086 
508.284459 
467.785366 
489.442245 
494.090332 
495.298122 
491.905765 
493.877815 
491.542496 
505.279920 
507.845691 
518.909275 
487.047803 
505.655178 
496.454474 
488.728533 
472.868086 
503.024743 
458.936349 
497.478738 
510.367551 
510.542222 
499.146079 
511.857308 
487.238725 
490.814001 
501.429460 
501.582290 
511.365533 
495.858949 
478.714416 
494.235562 
513.415375 
516.070110 
532.809904 
498.067102 
484.908122 
493.419358 
516.791192 
479.418575 
504.247776 
463.293919 
502.296053 
486.338747 
514.381587 
511.048300 
499.031547 
481.031729 
487.458241 
489.403740 
516.170232 
507.484131 
503.755501 
512.325656 
488.115118 
504.790942 
518.306536 
503.411082 
502.835029 
509.851306 
515.850518 
475.777915 
492.334884 
518.118809 
476.631278 
510.329768 
487.911626 
524.978887 
508.232709 
496.039725 
471.427128 
531.339332 
495.180515 
497.615335 
499.671185 
497.644319 
467.558276 
492.404287 
505.875264 
482.728660 
482.204519 
494.763680 
472.556442 
494.297450 
501.083943 
488.433429 
500.972703 
496.361816 
497.410136 
476.522376 
524.934532 
506.821615 
480.622827 
489.468458 
511.544894 
493.567572 
515.747224 
487.081570 
533.468643 
522.210448 
499.355743 
533.778943 
505.857704 
527.903183 
512.816369 
492.429261 
477.985344 
495.858566 
490.191955 
504.592061 
533.636593 
506.698472 
504.891627 
509.312028 
491.737967 
503.771383 
492.921522 
529.403987 
506.496326 
510.102850 
505.238438 
505.726759 
483.647423 
521.118402 
505.840269 
501.756279 
498.933957 
540.914866 
476.631110 
495.966247 
503.782672 
506.323256 
468.196936 
483.694646 
498.606288 
514.742702 
474.214137 
490.616126 
472.504411 
501.695381 
500.377917 
492.111424 
532.711559 
526.416508 
507.286836 
504.066120 
504.940514 
494.561928 
486.841725 
480.211834 
501.315081 
479.869268 
512.630032 
499.081737 
502.399931 
510.240368 
494.402354 
505.914069 
505.040502 
505.365338 
478.701292 
509.936954 
487.517236 
501.217310 
521.873234 
499.307451 
494.081452 
513.029666 
470.908037 
513.784373 
518.723806 
489.185517 
473.522246 
485.130178 
507.103673 
479.197102 
492.061954 
527.883166 
490.997735 
542.328542 
505.181951 
489.044668 
510.897423 
480.609438 
534.425993 
476.880907 
487.908221 
492.428117 
489.366266 
497.271110 
514.935374 
500.698357 
506.072580 
493.037612 
509.997698 
468.917612 
501.928141 
504.248342 
487.539024 
507.931495 
484.948464 
506.913892 
488.847364 
525.917789 
470.541250 
493.095268 
495.620239 
496.750701 
489.953292 
473.698651 
513.720826 
525.672289 
487.683554 
505.393787 
504.258568 
515.417045 
510.377402 
517.409502 
480.615907 
482.078046 
521.930016 
485.071852 
475.131084 
494.167716 
498.348910 
475.293640 
506.865914 
498.270547 
529.564406 
498.614687 
484.774218 
513.964628 
472.680916 
530.248289 
494.171157 
479.135394 
490.689883 
499.452710 
529.762853 
501.031963 
494.036088 
504.756515 
509.500482 
494.653983 
514.110988 
510.909445 
498.746037 
494.356111 
500.974996 
530.779393 
513.297513 
483.109277 
490.517495 
484.614130 
481.049268 
506.577073 
487.438092 
504.387797 
512.598972 
497.965664 
492.274927 
484.097986 
477.360243 
487.275036 
509.205837 
515.347166 
497.380356 
494.888337 
495.353826 
485.565079 
482.864223 
489.320669 
491.448257 
496.474782 
500.378166 
514.164711 
506.291260 
494.247192 
487.826313 
513.824783 
493.612619 
503.392024 
500.350074 
497.328281 
519.207271 
521.334129 
497.263936 
478.258557 
492.037297 
514.183107 
457.962793 
506.583927 
537.930000 
510.510246 
506.445579 
495.172131 
489.513385 
510.452838 
524.184110 
493.738572 
509.455378 
486.598284 
496.592155 
486.301605 
505.957570 
484.888978 
513.416605 
501.529150 
495.378794 
439.832464 
495.432186 
501.320636 
489.498671 
470.093354 
499.192047 
516.431893 
484.306177 
523.433949 
517.348442 
522.862006 
503.658424 
496.913357 
